-150,0
1055,-1569
-7720,-2438
-9304,-1284
-5901,4904
4359,-10041
7427,3533
12109,-4997
-14370,873
-5779,3342
-11198,-3577
303,-8262
5500,5942
-4226,-7279
13357,921
11558,805
3207,584
3234,9779
-8999,7946
-3163,5992
-7115,10369
9855,-2520
-7497,-3938
-2844,-14589
2438,9985
-7140,-6854
1416,-7855
-13927,-9768
9886,6151
-7698,3547
9483,-3420
6727,17358
147,3336
-8654,6008
9180,-5864
313,-7293
4360,12677
3483,-2793
6891,-10598
-5141,-74
-120,10224
-2669,-1835
12025,775
588,-6347
2605,-8618
3416,-1524
8707,7565
-14019,207
5455,-627
-4458,-1373
-4290,-1649
-9730,726
-3298,10104
-12690,6567
-8154,-10641
690,1479
-8458,-1620
4225,-6142
1047,-9449
-8862,-10123
120,-5428
-4329,-10798
8116,-3588
-298,-236
8417,-4447
-6469,-9858
-6690,-7906
-5662,10367
-3411,4827
386,19063
6195,-3435
6799,1884
7037,-420
-3742,-9422
-668,12547
-275,7336
5132,-11318
-2887,7212
1783,-9052
1062,-6832
3010,-1383
1507,-2959
8189,4238
-2048,4056
120,-8613
-8301,-526
7590,3037
5320,-10442
-3720,4233
15785,1205
-1427,957
8524,1555
-10203,-7931
7886,5689
3498,2807
-11832,6983
-12079,-8139
-5257,-13277
5263,2334
-4806,7328
2841,5736
267,8488
-6054,-256
4772,4794
5706,-4698
-4834,5902
-3743,-5904
-4063,7134
6420,-1637
-3083,1866
946,-4498
5692,14408
-2956,491
3620,11932
-3925,9953
4802,-396
-131,4817
-5979,907
3206,183
1318,12285
11289,-1451
1225,4362
1306,3835
456,1159
-8245,5351
7596,1506
4781,13896
4793,3976
580,-4528
-1211,-10834
-6557,-15518
2570,-5736
306,-10781
-2800,-3398
7183,-4748
3544,-5240
3063,-7502
4483,-6665
2200,-1851
-21049,7746
5210,1002
-4857,6506
9175,-11119
4619,3628
-1867,3483
5915,3822
3427,2422
4293,-6339
-2423,-965
-2575,5784
8519,-11869
1318,-4513
1161,-4333
3439,9788
-7367,-5944
-8977,-4461
-15798,-3927
-13182,-1437
-3492,-10541
-3705,10324
4648,-8424
-580,-4992
-3184,-14576
5327,5231
-8056,-17450
-12080,-1036
8317,3216
3655,-132
-6891,4517
-8082,3392
-6613,-1687
3117,8538
-2155,3716
-7267,2735
-5610,10988
1626,-10780
-1562,7214
-9260,-2994
-5356,154
9856,2686
-2326,17459
-951,-5896
-5570,-7310
-4605,-4829
5835,-8210
-12416,7794
2125,-1729
1077,-240
6571,9729
5216,-6638
4311,-2160
-3766,-2217
4548,3099
1789,2348
-2029,12845
-1106,-9659
-8102,8656
2589,3735
-4230,11880
10265,-5128
1275,-5372
11512,9746
666,-8346
-14181,31
-2852,2939
2848,-847
-4702,2481
652,-6646
4478,-7321
-7857,-7296
-7115,1376
3480,7288
-7670,-24
1617,-5215
330,-4250
-4453,-7483
-3869,645
-4954,3020
-858,-3269
-10720,-347
6353,-11601
1177,-1262
7075,2651
-960,-1070
1677,-2302
-3288,-9765
-6662,3617
1778,6559
1243,-4674
-3788,-4414
-526,12036
5127,8485
1104,6253
6073,3062
-7889,-10858
-10108,9811
-4279,-4279
6943,5439
-4683,-1797
1282,11938
5762,-7650
2732,9226
2067,-15134
-1196,-1689
-1906,-9075
-9679,-5056
-436,15860
490,7987
4251,9247
-4168,307
-4658,-981
-1959,3207
3051,-1889
4597,8837
-1845,-5133
12569,-11028
-7047,-10259
5917,5081
-2705,-3762
14491,-7407
-5392,-8193
4178,-1734
-3884,1163
9258,2294
13347,2898
-2966,-4286
2493,-13592
122,-1110
-4677,-14983
3664,14699
-10962,-6874
-5266,-9502
-3561,-957
-4821,6828
-6644,-3433
-1329,1440
3984,-410
14493,3297
4569,-8798
-1625,13369
2927,5966
-620,-3447
14101,5784
7549,-11081
3948,-2801
-1798,14595
1145,8804
6702,-421
-1789,979
4393,-4921
-2094,-4997
-10065,-5449
5274,-2877
5994,-4462
-10321,1092
7543,3917
718,14814
5388,3123
-3111,7001
-11211,4507
1203,-11537
-18123,-2582
-11516,-3430
1440,8633
-8076,-6053
-1931,831
6293,753
-898,12964
1333,-16776
1051,-11418
9393,-2168
-6450,-5101
-5242,-4314
-4006,9451
5883,-10667
6003,1796
-495,-10579
-6787,-3974
-1938,7374
3274,2669
-2743,1433
-379,5435
8980,-4347
-8976,13989
-4937,-11140
-2503,2940
-7821,-6719
-6559,-184
13009,1308
9245,-7852
-1926,9133
1565,-1917
-8271,5058
19718,9723
-7602,4637
1644,5396
-9408,3267
1377,-492
-6226,-347
-3192,-11894
-3582,3638
-6033,1990
-4099,-2766
-2222,-3288
-690,-6662
-8436,2550
10365,-2710
5420,12205
3946,5021
-20059,-3323
7616,-6375
-8583,-3042
-13125,-9114
-7716,-2347
7593,-2767
-4536,-6127
-9403,88
209,-1347
13745,-2611
-1790,2772
2101,687
150,-2599
-9039,-3326
-3,827
-1328,5252
5647,-10256
-10641,-6255
-3338,-4050
-4545,-9126
3531,7001
-1342,-2063
-6556,-3940
-5210,9701
696,425
-12812,-649
7399,-3134
-4777,-2384
4603,2742
-11756,-4423
-3396,6491
9104,-311
-3652,-8237
1763,1872
4687,3548
-8053,4793
-6747,494
2276,-15335
-11601,-6323
8770,9047
-735,-6308
-11526,-18922
-6184,-13523
-6442,-4556
-1423,6870
-185,-1322
17031,181
2112,-3481
2330,-267
-1850,5648
6167,7253
3542,2579
6010,2042
-3412,-4287
-11581,2511
-133,11683
13344,2788
9167,-9476
-1371,2604
-1772,5745
1012,4413
-1868,-458
-4164,-1196
5579,1628
1038,-17261
7225,10089
-2638,-8592
-2262,-2329
-11723,2122
-8176,8559
335,-6505
6911,6072
-5714,-4285
3009,-6848
1387,-2682
-5958,4055
12405,-2125
4234,4515
-4271,1399
-4043,-7799
-5193,16456
3701,-7016
6557,-3693
-3158,3074
3260,-9881
2684,18418
-10428,-12071
1754,9436
-2297,-1729
-7416,-7236
-2267,-6190
-3171,-7249
-3053,1064
7802,2334
-8005,10372
-6045,-7549
-989,-7203
-14609,1242
-12931,3635
8475,8973
2691,-4130
4241,1006
3323,1603
11279,-4690
-1603,3958
-1213,2925
1564,-5318
-7317,-3541
6769,5805
-2435,-2276
8158,-47
-8446,16612
12806,8716
3986,-12654
6663,6151
-295,-5891
-12022,-3360
1372,-1485
5594,9015
-3444,-4421
10412,-12107
-1315,-5531
-7547,5455
7536,-11773
-7303,-11229
3861,-1910
2683,796
-5205,4462
3476,-1441
8664,-5001
-3686,-10843
-5680,-3297
4236,-1436
-4666,291
-3214,4055
-4496,1721
4723,4515
-2708,2714
-3868,6181
419,11166
-9922,-6644
8395,9607
9874,1060
-5472,-2496
-1115,-819
4247,-9748
5910,8285
-11844,-9008
4949,8950
4911,-1587
20125,1846
1545,-4039
-1308,-5809
-6249,-318
3831,2461
-607,-6438
5792,-10218
9967,10654
-1320,-6689
-6055,6805
7313,-14964
-2948,4938
11558,6514
2326,-7488
6018,1644
13477,1439
-6678,-5509
4949,-1070
8456,10255
-10263,1299
-10057,5310
-3133,4051
-4294,-434
871,1972
5285,-8017
656,879
6366,7479
12473,2445
-7660,8668
-10108,4051
-2101,84
6250,-17078
-4007,8119
-349,3411
2575,-324
-632,-8791
-3389,8781
2786,-1070
4907,3913
-4833,-3343
1285,8970
10187,1206
2449,6225
8601,-3590
-10686,-11409
15713,-4511
-4453,3498
-14695,8040
-1747,-8638
-10251,4862
-11475,-14064
-6249,7092
3606,-8526
54,-7803
-19815,-9804
-113,11258
-5266,-7152
6940,1315
8154,-3565
5168,-1736
1011,6178
483,-993
-2203,11899
-7406,7562
1695,21244
-13074,-2114
-5637,2873
14684,-7264
204,-3356
-11108,2067
-12898,-2179
4757,-7384
-3679,-12101
3316,-6006
6398,-1884
-6197,8255
4750,-5938
-1538,7462
6168,-1582
-2719,-8411
-1079,-493
-413,-10203
862,6957
6036,-2022
-5422,11130
-7708,7729
-7314,2108
-5643,-3001
3215,-650
2232,8743
8764,-10686
4160,-2090
6433,3777
-5099,2121
9644,-2539
-1303,9043
-14687,-1281
3537,12786
-7266,13903
-5654,5421
4166,3114
-8414,-9541
-4185,-6063
-4380,-372
-8493,2305
-6075,-4988
1615,481
2617,-7474
-3828,-3905
-8776,5794
1512,-8530
-9432,-85
267,-1892
4678,-2094
1192,-13369
-7106,1843
8089,11440
2813,10813
-12175,-1602
13479,5565
3237,-7290
-1323,6265
-2016,-2958
-4282,5
561,-9222
2152,-1882
-5885,-137
-7816,-9444
5833,13064
9451,9776
-990,10222
10591,8012
8026,2842
-13300,10630
9642,7894
-13452,-5021
6671,9488
-2120,9124
670,12579
-1542,-4501
-5815,-1205
571,4196
-17665,-9418
-2746,1568
11587,-8019
-3389,-9136
-13886,12311
3353,-534
3464,1803
3689,9451
-5447,-754
-2217,5200
85,9996
2460,-8882
6030,6886
-2706,646
-10038,-4133
-8646,3764
8092,5742
3512,-5801
-4553,5833
-9391,-3075
-4344,-8014
572,8288
-4357,-236
391,-6662
3477,3148
6928,-5089
-11165,-2483
1662,2244
3859,7003
-10547,7882
-5957,7271
2513,-4611
-10435,-4878
10764,-4237
-10904,12137
1324,-5740
1739,1471
-16613,2867
1440,-11804
3390,771
-2694,-1939
-4887,-1228
6317,-1531
-9436,5986
141,5033
-7182,1682
1857,15077
11667,8073
8178,-1301
3369,-1978
-5369,566
-2730,1711
-727,-11001
-1645,1653
7531,-13326
1798,-8204
-4056,9909
-5623,-9743
545,288
-8417,-2496
6421,5923
-10348,-5894
-5021,1844
3751,-850
4669,2685
11835,7639
-932,-8076
-7958,8013
-1058,-566
1750,-4841
1325,-4380
-4563,-1153
-12720,7551
2998,5466
1289,117
-13852,7156
5999,-858
6369,10345
4789,37
6370,679
7876,3753
2739,217
707,-4134
1926,-2139
8920,-3331
2455,-7468
-14805,3932
-7721,-2150
-7345,1068
10080,-1764
-5074,-2492
-1172,8812
-4776,-4233
-3794,91
8516,-3734
-7334,433
-1645,1412
-4395,4592
664,7590
15969,-10827
2751,5440
-18703,2913
-682,1097
11229,-1050
-2324,2658
-45,-6885
-4860,2188
-946,12536
1589,-5668
12707,-12807
7645,1025
-4811,-222
6982,5592
3603,937
-17506,-3898
-5023,-1697
10827,-2982
-593,3180
3292,-2209
2787,-1451
-6992,4097
2273,5817
6189,4798
5967,8387
-1954,2969
2113,-4546
13158,-4046
-1698,-5041
-12352,7086
2810,3535
10315,4112
-1584,7522
-9943,-1412
-738,-1515
-57,219
1949,1518
-9438,-1633
10379,11395
-4185,-10983
-14487,-3947
-7205,-2291
605,-4269
13782,-10294
-2591,-781
12281,-645
-327,-4985
-14849,-1178
-1962,-1391
4067,-1330
-7054,6826
-1850,8946
-2419,14707
2520,4686
-1173,4619
3889,-2129
-377,-5761
411,-5095
6806,6132
-797,6903
-5387,-9454
-5356,-5054
-1380,-9387
-13325,2490
-4629,2807
-7906,-505
3457,2538
7507,9868
-916,-2071
-9071,4287
-5071,-6154
11968,7755
3595,4351
5332,2192
-6115,4506
6875,2901
-7343,-1420
-121,11966
-2249,-2758
3417,8956
-9187,-14072
-3422,6018
12770,16181
-8871,15729
-5188,2932
3036,1237
7470,13217
789,-88
2022,-618
1691,-5442
-4491,-3598
6728,11246
-632,3741
-300,-6760
1404,31
-4056,-8550
11949,2865
-2435,6967
-9263,1050
5944,-3878
11144,-4060
11534,7530
2562,-5884
-7468,-2543
231,5062
-1507,5152
-3614,-9788
6417,4831
5636,-11008
3539,-6308
-12638,3367
2785,-295
-7591,-2872
1560,-4355
5604,-9904
2127,141
-6890,-4672
-5417,-608
-3686,1811
-15,12509
-8384,-4258
-14308,-17875
-4934,4567
-10718,192
7535,-2685
-2462,-557
1336,-8192
14380,-2820
3378,-855
913,-11048
-206,-2098
-8957,-2881
6097,8025
4733,8468
8343,10991
-3410,-1654
-4796,3909
5776,8062
3007,-7262
-3092,2272
-6859,6267
-4596,3219
-7935,-11943
7110,6059
-11640,1828
2901,9637
10862,1226
-3015,8719
-2437,8952
7857,-4517
2638,-6854
-1527,431
7946,-8235
-15091,2433
5456,-218
776,-428
-1196,3630
8133,5313
4570,14726
3698,-10475
-3592,1781
5929,2660
3099,-8832
-13001,3107
11620,4783
-6425,-1303
-17021,7000
-4689,-7698
-6710,3170
6041,2285
2017,-6074
1837,13991
193,1984
9035,6964
-10552,3555
7557,-14582
-4376,-811
-2528,4893
113,-3431
-9962,2930
9537,1676
5207,-5217
-3801,2871
3228,-1525
1659,-13054
-3098,7355
-488,1741
-9038,9638
-11277,8761
-3063,10066
10218,-3483
811,-6651
1600,-602
-6513,-8157
-3770,6029
-160,-4355
4291,1045
9691,-10414
-6950,-5534
-3133,-4095
5311,-11989
6298,1961
-4659,-7816
-4114,-5565
-3201,2482
503,33
-4689,-3230
2295,-10827
-7142,3140
-6013,418
-518,-817
-11853,-41
-1824,-2144
12296,7571
-6632,-1067
5742,12777
8207,-1175
1087,2668
-8874,-3953
3481,-6526
-3041,2605
-9695,-3429
-9381,6107
312,4137
14473,-5064
3069,5321
-1267,7035
-15348,-1630
-10375,1040
5361,-1472
4775,-11267
7043,2045
13118,4013
-3309,-3280
240,-4751
3354,-10372
-8738,7727
3292,14207
-2376,997
-3442,2402
-4272,-214
-3291,-1518
-1604,-2123
-3273,1713
-2410,-1863
4767,5209
2887,1325
7098,-170
-3345,-7325
2551,-5605
-615,-2961
15870,8666
8015,-1878
-8529,14397
4315,-8371
461,-4290
-5733,-12196
6244,9690
3441,-2281
-2112,5329
-1592,-6684
